# GEOMUP #################
        0.0000000000        1.4186597974        0.9822041564
        0.0000000000        0.0094006500       -0.1238566934
        0.0000000000       -1.4280604475        0.9894964520
# GEOMUP #################
        0.0000000000        1.4233410790        0.9858634891
        0.0000000000        0.0000000000       -0.1238830632
        0.0000000000       -1.4233410790        0.9858634891
# GEOMUP #################
        0.0000000000        1.4280604475        0.9894964520
        0.0000000000       -0.0094006500       -0.1238566934
        0.0000000000       -1.4186597974        0.9822041564
# GEOMUP #################
        0.0000000000        1.4205622675        0.9870484494
        0.0000000000        0.0000000000       -0.1262529839
        0.0000000000       -1.4205622675        0.9870484494
# GEOMUP #################
        0.0000000000        1.4177745776        0.9882310904
        0.0000000000        0.0000000000       -0.1286182658
        0.0000000000       -1.4177745776        0.9882310904
# GEOMUP #################
        0.0000000000        1.4214345904        0.9810209844
        0.0000000000        0.0093905383       -0.1214823231
        0.0000000000       -1.4308251288        0.9883052537
# GEOMUP #################
        0.0000000000        1.4261109945        0.9846762168
        0.0000000000        0.0000000000       -0.1215085186
        0.0000000000       -1.4261109945        0.9846762168
# GEOMUP #################
        0.0000000000        1.4308251288        0.9883052537
        0.0000000000       -0.0093905383       -0.1214823231
        0.0000000000       -1.4214345904        0.9810209844
# GEOMUP #################
        0.0000000000        1.4242004397        0.9798354427
        0.0000000000        0.0093804893       -0.1191033435
        0.0000000000       -1.4335809290        0.9871118158
# GEOMUP #################
        0.0000000000        1.4288719969        0.9834866399
        0.0000000000        0.0000000000       -0.1191293648
        0.0000000000       -1.4288719969        0.9834866399
# GEOMUP #################
        0.0000000000        1.4335809290        0.9871118158
        0.0000000000       -0.0093804893       -0.1191033435
        0.0000000000       -1.4242004397        0.9798354427
# GEOMUP #################
        0.0000000000        1.4316240688        0.9822947659
        0.0000000000        0.0000000000       -0.1167456169
        0.0000000000       -1.4316240688        0.9822947659
# GEOMUP #################
        0.0000000000        1.4343671931        0.9811006023
        0.0000000000        0.0000000000       -0.1143572896
        0.0000000000       -1.4343671931        0.9811006023
# GEOMUP #################
        0.0000000000        1.4180721202        0.9844941268
        0.0000000000        0.0000000000       -0.1211443386
        0.0000000000       -1.4180721202        0.9844941268
# GEOMUP #################
        0.0000000000        1.4153035955        0.9856747006
        0.0000000000        0.0000000000       -0.1235054863
        0.0000000000       -1.4153035955        0.9856747006
# GEOMUP #################
        0.0000000000        1.4161554485        0.9796559675
        0.0000000000        0.0093905374       -0.1187522913
        0.0000000000       -1.4255459859        0.9869402388
# GEOMUP #################
        0.0000000000        1.4208317820        0.9833112496
        0.0000000000        0.0000000000       -0.1187785841
        0.0000000000       -1.4208317820        0.9833112496
# GEOMUP #################
        0.0000000000        1.4255459859        0.9869402388
        0.0000000000       -0.0093905374       -0.1187522913
        0.0000000000       -1.4161554485        0.9796559675
# GEOMUP #################
        0.0000000000        1.4235825637        0.9821260763
        0.0000000000        0.0000000000       -0.1164082376
        0.0000000000       -1.4235825637        0.9821260763
# GEOMUP #################
        0.0000000000        1.4263244479        0.9809386144
        0.0000000000        0.0000000000       -0.1140333139
        0.0000000000       -1.4263244479        0.9809386144
# GEOMUP #################
        0.0000000000        1.4128031615        0.9831247645
        0.0000000000        0.0000000000       -0.1184056140
        0.0000000000       -1.4128031615        0.9831247645
# GEOMUP #################
        0.0000000000        1.4155525696        0.9819462824
        0.0000000000        0.0000000000       -0.1160486497
        0.0000000000       -1.4155525696        0.9819462824
# GEOMUP #################
        0.0000000000        1.4182931304        0.9807655127
        0.0000000000        0.0000000000       -0.1136871104
        0.0000000000       -1.4182931304        0.9807655127
# GEOMUP #################
        0.0000000000        1.4102733571        0.9805813151
        0.0000000000        0.0000000000       -0.1133187153
        0.0000000000       -1.4102733571        0.9805813151
# GEOMUP #################
        0.0000000000        1.4239286706        0.9835736261
        0.0000000000        0.0094006811       -0.1265955149
        0.0000000000       -1.4333293517        0.9908658038
# GEOMUP #################
        0.0000000000        1.4286100377        0.9872328514
        0.0000000000        0.0000000000       -0.1266217878
        0.0000000000       -1.4286100377        0.9872328514
# GEOMUP #################
        0.0000000000        1.4333293517        0.9908658038
        0.0000000000       -0.0094006811       -0.1265955149
        0.0000000000       -1.4239286706        0.9835736261
# GEOMUP #################
        0.0000000000        1.4211346488        0.9847588651
        0.0000000000        0.0094108859       -0.1289740344
        0.0000000000       -1.4305455347        0.9920590842
# GEOMUP #################
        0.0000000000        1.4258209396        0.9884221982
        0.0000000000        0.0000000000       -0.1290004815
        0.0000000000       -1.4258209396        0.9884221982
# GEOMUP #################
        0.0000000000        1.4305455347        0.9920590842
        0.0000000000       -0.0094108859       -0.1289740344
        0.0000000000       -1.4211346488        0.9847588651
# GEOMUP #################
        0.0000000000        1.4230229301        0.9896092171
        0.0000000000        0.0000000000       -0.1313745193
        0.0000000000       -1.4230229301        0.9896092171
# GEOMUP #################
        0.0000000000        1.4202160268        0.9907939007
        0.0000000000        0.0000000000       -0.1337438863
        0.0000000000       -1.4202160268        0.9907939007
# GEOMUP #################
        0.0000000000        1.4267137329        0.9823860008
        0.0000000000        0.0093905392       -0.1242123541
        0.0000000000       -1.4361042721        0.9896702683
# GEOMUP #################
        0.0000000000        1.4220752142        0.9787039550
        0.0000000000        0.0187803388       -0.1241340707
        0.0000000000       -1.4408555530        0.9932740307
# GEOMUP #################
        0.0000000000        1.4313902070        0.9860411840
        0.0000000000        0.0000000000       -0.1242384530
        0.0000000000       -1.4313902070        0.9860411840
# GEOMUP #################
        0.0000000000        1.4361042721        0.9896702683
        0.0000000000       -0.0093905392       -0.1242123541
        0.0000000000       -1.4267137329        0.9823860008
# GEOMUP #################
        0.0000000000        1.4408555530        0.9932740307
        0.0000000000       -0.0187803388       -0.1241340707
        0.0000000000       -1.4220752142        0.9787039550
# GEOMUP #################
        0.0000000000        1.4294898183        0.9811959975
        0.0000000000        0.0093804604       -0.1218245671
        0.0000000000       -1.4388702787        0.9884724845
# GEOMUP #################
        0.0000000000        1.4341614301        0.9848472035
        0.0000000000       -0.0000000000       -0.1218504921
        0.0000000000       -1.4341614301        0.9848472035
# GEOMUP #################
        0.0000000000        1.4388702787        0.9884724845
        0.0000000000       -0.0093804604       -0.1218245671
        0.0000000000       -1.4294898183        0.9811959975
# GEOMUP #################
        0.0000000000        1.4322569095        0.9800036242
        0.0000000000        0.0093704447       -0.1194321686
        0.0000000000       -1.4416273542        0.9872724594
# GEOMUP #################
        0.0000000000        1.4369236897        0.9836509174
        0.0000000000       -0.0000000000       -0.1194579199
        0.0000000000       -1.4369236897        0.9836509174
# GEOMUP #################
        0.0000000000        1.4416273542        0.9872724594
        0.0000000000       -0.0093704447       -0.1194321686
        0.0000000000       -1.4322569095        0.9800036242
# GEOMUP #################
        0.0000000000        1.4396769686        0.9824523332
        0.0000000000       -0.0000000000       -0.1170607514
        0.0000000000       -1.4396769686        0.9824523332
# GEOMUP #################
        0.0000000000        1.4424212494        0.9812514583
        0.0000000000       -0.0000000000       -0.1146590016
        0.0000000000       -1.4424212494        0.9812514583
# GEOMUP #################
        0.0000000000        1.4291975443        0.9849430950
        0.0000000000        0.0094007120       -0.1293343356
        0.0000000000       -1.4385982563        0.9922351556
# GEOMUP #################
        0.0000000000        1.4338789964        0.9886022137
        0.0000000000       -0.0000000000       -0.1293605124
        0.0000000000       -1.4338789964        0.9886022137
# GEOMUP #################
        0.0000000000        1.4385982563        0.9922351556
        0.0000000000       -0.0094007120       -0.1293343356
        0.0000000000       -1.4291975443        0.9849430950
# GEOMUP #################
        0.0000000000        1.4310796117        0.9897959471
        0.0000000000       -0.0000000000       -0.1317479791
        0.0000000000       -1.4310796117        0.9897959471
# GEOMUP #################
        0.0000000000        1.4282712827        0.9909873439
        0.0000000000       -0.0000000000       -0.1341307728
        0.0000000000       -1.4282712827        0.9909873439
# GEOMUP #################
        0.0000000000        1.4319928758        0.9837510170
        0.0000000000        0.0093905401       -0.1269423844
        0.0000000000       -1.4413834160        0.9910352825
# GEOMUP #################
        0.0000000000        1.4366694195        0.9874061512
        0.0000000000       -0.0000000000       -0.1269683874
        0.0000000000       -1.4366694195        0.9874061512
# GEOMUP #################
        0.0000000000        1.4413834160        0.9910352825
        0.0000000000       -0.0093905401       -0.1269423844
        0.0000000000       -1.4319928758        0.9837510170
# GEOMUP #################
        0.0000000000        1.4347791973        0.9825565524
        0.0000000000        0.0093804317       -0.1245457899
        0.0000000000       -1.4441596291        0.9898331525
# GEOMUP #################
        0.0000000000        1.4394508633        0.9862077671
        0.0000000000       -0.0000000000       -0.1245716193
        0.0000000000       -1.4394508633        0.9862077671
# GEOMUP #################
        0.0000000000        1.4441596291        0.9898331525
        0.0000000000       -0.0093804317       -0.1245457899
        0.0000000000       -1.4347791973        0.9825565524
# GEOMUP #################
        0.0000000000        1.4422233106        0.9850070689
        0.0000000000       -0.0000000000       -0.1221702229
        0.0000000000       -1.4422233106        0.9850070689
# GEOMUP #################
        0.0000000000        1.4449867440        0.9838040641
        0.0000000000       -0.0000000000       -0.1197642133
        0.0000000000       -1.4449867440        0.9838040641
# GEOMUP #################
        0.0000000000        1.4391479552        0.9899715760
        0.0000000000       -0.0000000000       -0.1320992369
        0.0000000000       -1.4391479552        0.9899715760
# GEOMUP #################
        0.0000000000        1.4363382837        0.9911696959
        0.0000000000       -0.0000000000       -0.1344954767
        0.0000000000       -1.4363382837        0.9911696959
# GEOMUP #################
        0.0000000000        1.4372720193        0.9851160327
        0.0000000000        0.0093905410       -0.1296724141
        0.0000000000       -1.4466625604        0.9924002964
# GEOMUP #################
        0.0000000000        1.4419486320        0.9887711184
        0.0000000000       -0.0000000000       -0.1296983219
        0.0000000000       -1.4419486320        0.9887711184
# GEOMUP #################
        0.0000000000        1.4466625604        0.9924002964
        0.0000000000       -0.0093905410       -0.1296724141
        0.0000000000       -1.4372720193        0.9851160327
# GEOMUP #################
        0.0000000000        1.4447402966        0.9875683308
        0.0000000000       -0.0000000000       -0.1272927465
        0.0000000000       -1.4447402966        0.9875683308
# GEOMUP #################
        0.0000000000        1.4475229315        0.9863632204
        0.0000000000       -0.0000000000       -0.1248825259
        0.0000000000       -1.4475229315        0.9863632204
# GEOMUP #################
        0.0000000000        1.4444169139        0.9913409383
        0.0000000000       -0.0000000000       -0.1348379615
        0.0000000000       -1.4444169139        0.9913409383
# GEOMUP #################
        0.0000000000        1.4472278444        0.9901360856
        0.0000000000       -0.0000000000       -0.1324282563
        0.0000000000       -1.4472278444        0.9901360856
# GEOMUP #################
        0.0000000000        1.4500297298        0.9889288944
        0.0000000000       -0.0000000000       -0.1300138737
        0.0000000000       -1.4500297298        0.9889288944
# GEOMUP #################
        0.0000000000        1.4525070569        0.9915010529
        0.0000000000       -0.0000000000       -0.1351581907
        0.0000000000       -1.4525070569        0.9915010529
